oled显示屏显示规则
因为每个像素都只有0和1两个状态,
所以一列采用8行一组，
所以共计128列，8行

原点
o------------------------------------------>x轴127
|0,0|1,0|							|127,0|
|0,0|1,0|							|127,0|
|0,0|1,0|							|127,0|
|0,0|1,0|							|127,0|
|0,0|1,0|							|127,0|
|0,0|1,0|							|127,0|
|0,0|1,0|							|127,0|
|0,0|1,0|							|127,0|
-------------------------------------------
|0,1|1,1|							|127,1|
|0,1|1,1|							|127,1|
|0,1|1,1|							|127,1|
|0,1|1,1|							|127,1|
|0,1|1,1|							|127,1|
|0,1|1,1|							|127,1|
|0,1|1,1|							|127,1|
|0,1|1,1|							|127,1|
-------------------------------------------
|		.				.				  |
|		.				.				  |
|		.				.				  |
|		.				.				  |
-------------------------------------------
|0,7|1,7|							|127,7|
|0,7|1,7|							|127,7|
|0,7|1,7|							|127,7|
|0,7|1,7|							|127,7|
|0,7|1,7|							|127,7|
|0,7|1,7|							|127,7|
|0,7|1,7|							|127,7|
|0,7|1,7|							|127,7|
-------------------------------------------
v
y轴64